image: 210621_3rd.pgm
resolution: 0.050000
origin: [-10.657851, -4.551456, 0.000000]
negate: 0
occupied_thresh: 0.65
free_thresh: 0.196

